%Script create_seahorse

x=[0.414196	0.414196	-0.414196	-0.414196	0.16891	0.441856	-0.441857	-0.16891	0.410955	0.410955	-0.410955	-0.410955	0.410955	-0.410955	0.388755	-0.388755	-0.410955	0.410955	-0.388755	0.388755	-0.365417	0.365417	-0.365417	0.365417	0.253747	-0.323553	0.323553	0.323553	-0.323553	0.267413	-0.267413	0.267413	-0.267413	-0.253747	-0.330603	0.330603	-0.330603	0.330603	0.295509	-0.295508	-0.295509	0.295509	-0.254784	-0.254784	0.254784	0.254784	-0.253746	0.2569	-0.2569	0.2569	-0.2569	0.253747	-0.252769	0.252769	0.252769	-0.252769	0.225442	-0.225442	0.225442	-0.225442	0.225442	-0.225442	-0.225442	0.225442	-0.215428	0.215428	0.215428	-0.215428	-0.204696	0.204696	-0.204696	0.204696	-0.204332	-0.204332	0.204332	0.204332	-0.195876	0.195876	0.195876	-0.195876	0.17825	-0.17825	0.17825	-0.17825	0.166155	0.166155	-0.166155	-0.166155	-0.15444	0.15444	0.15444	-0.15444	-0.133704	-0.133704	0.133704	0.133704	-0.11295	0.11295	-0.11295	0.11295	0.098104	0.098104	-0.098104	-0.098104	0.098104	0.098104	-0.098104	-0.098104	-0.091434	0.091434	-0.091434	0.091434	-0.08448	0.08448	0.08448	-0.08448	-0.077687	0.077687	0.077687	-0.077687	0.072883	-0.072883	-0.072883	0.072883	-0.068555	0.068555	0.068555	-0.068555	-0.066447	0.066447	0.066447	-0.066447	0.046688	-0.046688	0.046688	-0.046688	-0.017219	0.017219	-0.017219	0.017219	0.441857	0.441856	-0.441857	-0.441856	0.441857	0.510081	-0.510082	-0.441856	0.16891	0.703612	-0.703613	-0.16891	0.441857	0.87395	-0.87395	-0.441856	0.441857	1.027923	-1.027924	-0.441856	0.441857	1.003619	-1.00362	-0.441856	0.010076	-0.010077	0.010076	-0.010077	0.010623	-0.010871	0.010076	-0.010077	0.010076	-0.010077	0.010076	-0.010077	1.003619	-1.00362	-1.027924	1.027923	0.87395	-0.87395	-0.770151	0.770151	0.681261	-0.681261	-0.441857	0.441856	0.441857	-0.441856	0.736963	-0.590082	0.590082	0.441857	0.441857	0.859243	-0.859243	-0.441856	0.911403	-0.911403	-0.736963	-0.441856	0.736963	-0.736963	0.609684	0.441857	-0.609685	-0.441856	0.569488	-0.569488	0.441857	-0.441856	0.52441	-0.52441	0.568962	-0.568963	0.441857	-0.441856	0.493616	-0.493616	0.889793	-0.889794	0.051211	-0.051211	0.441857	-0.441856	0.441856	-0.441857	0.441857	-0.441856	-0.16891	0.16891	-0.16891	0.16891	0.441857	-0.441856	0.030403	-0.030403	0.030403	-0.030403	0.16891	-0.16891	0.030403	-0.030403	0.030403	-0.030403	0.030403	-0.030403	0.366261	-0.366262	0.051211	-0.051211	0.471677	-0.471677	0.051211	-0.051211	0.314016	-0.314017	0.255386	-0.568963	0.469455	-0.469456	-0.051211	0.051211	0.568962	-0.255387	-0.568963	0.568962	0.441856	-0.441857	0.441856	-0.441857	0.520757	0.641213	-0.641213	0.441856	-0.441857	0.441856	-0.441857	0.441856	-0.441857	-0.568963	0.568962	-0.334385	0.334384	-0.051211	0.051211	-0.051211	0.051211	-0.171132	0.171131	-0.347874	0.347874	0.106315	-0.051211	0.051211	-0.051775	0.052056	-0.075176	0.073985	-0.095015	0.108863	-0.096392	0.084292	-0.075375	0.085909	-0.088315	0.088836	-0.051685	0.051689	-0.06256	0.065161	0.217481	0.00359	0.087713	-0.003867	0.003277	-0.000483	0.24208	0.243419	-0.000004	0.239878	0.18503	0.183547	0.000077	-0.05499	0.05361	-0.456538	0.456538	0.001994	-0.095897	0.090621	-0.090683	-0.107314	0.10724	0.102361	-0.102021	0.064768	-0.064539	0.191429	0.139013	0.237511	-0.238607	-0.191131	-0.18355	-0.138236	-0.241112	-0.244218	-0.240555	-0.185239	-0.194668	0	-0.000012	0.000386	-0.000275	0.000162	0.000019	-0.003648	0.076265	-0.02615	0.133112	0.144938	-0.14692	-0.137383	-0.187309	-0.367326	0.026159	-0.07642	0.137391	0.187304	-0.390933	-0.132839	-0.093597	0.153235	0.023907	-0.12906	-0.119525	-0.151249	-0.219232	-0.217503	-0.175239	-0.192781	-0.148709	-0.208498	-0.318134	-0.358367	0.358366	0.318134	0.208495	0.148177	0.193269	0.175245	0.216989	0	-0.214415	0.214415	-0.106315	-0.520757	0.346793	-0.422331	-0.346793	0.568962	0.422331	-0.568963	-0.217482]+3;
y=[-1.252787	-1.679413	-1.679413	-1.252787	-0.708387	-1.170929	-1.170929	-0.708387	-1.792991	-2.285387	-2.285387	-1.792991	-2.797071	-2.797071	-2.815871	-2.815871	-2.329939	-2.329939	-3.213449	-3.213449	-3.679939	-3.398014	-3.398013	-3.679938	-5.513463	-4.321053	-4.364395	-4.321053	-4.364395	-5.035932	-5.38301	-5.38301	-5.035932	-5.513463	-3.895237	-4.060638	-4.060638	-3.895238	-4.730732	-4.834671	-4.730732	-4.834671	-5.215312	-5.888829	-5.215312	-5.888829	-6.378482	-6.289216	-6.289216	-5.322983	-5.322983	-6.378482	-6.278857	-6.278856	-5.593784	-5.593784	-5.89857	-5.898571	-5.590995	-5.590995	-5.418736	-5.418736	-5.399515	-5.399515	-5.057825	-5.057825	-4.970565	-4.970566	-4.73871	-4.476448	-4.476449	-4.73871	-4.105523	-4.442725	-4.105523	-4.442725	-3.728484	-4.112885	-3.728484	-4.112885	-3.408138	-3.408138	-3.926528	-3.926528	-3.71264	-3.225403	-3.71264	-3.225403	-3.693331	-3.693331	-3.269098	-3.269098	-3.480075	-3.750609	-3.480076	-3.750609	-3.880483	-3.880483	-3.764777	-3.764777	-4.070327	-4.087056	-4.087056	-4.070327	-4.34965	-4.222308	-4.34965	-4.222308	-4.384283	-4.648991	-4.648992	-4.384283	-4.45666	-4.781192	-4.45666	-4.781193	-4.766819	-4.766819	-4.513373	-4.513373	-4.540281	-4.669798	-4.540281	-4.669797	-4.516628	-4.516627	-4.431631	-4.431631	-4.238717	-4.238717	-4.260081	-4.260081	-4.038315	-4.038315	-4.094681	-4.094681	-4.003507	-4.003507	-3.958781	-3.958781	-0.538399	-0.891497	-0.891497	-0.538398	0.130545	-0.476583	-0.476583	0.130545	0.604167	0.039943	0.039943	0.604167	1.459964	1.005254	1.005254	1.459964	2.167181	1.895372	1.895372	2.167181	3.301167	2.907424	2.907424	3.301167	-0.421103	-0.421103	-0.082398	-0.082397	1.196103	1.196254	2.34883	2.34883	2.945968	2.945968	-0.7067	-0.706699	3.16537	3.16537	2.082596	2.082596	1.102247	1.102247	0.516964	0.516964	0.107266	0.107266	-0.759808	-0.759808	-0.483596	-0.483596	4.171636	-0.039055	-0.039055	5.320395	4.354677	3.644881	3.644881	4.354677	4.166204	4.166204	4.171637	5.320395	4.938779	4.938779	4.538322	6.338788	4.538322	6.338788	5.606002	5.606002	6.77775	6.77775	5.869379	5.869379	4.750985	4.750986	6.940329	6.940329	5.950668	5.950668	4.932504	4.932505	6.646897	6.646897	6.764744	6.764744	5.848244	5.848244	-0.834766	-0.834766	-0.538398	-0.538399	0.130545	0.130545	0.875697	0.875697	-0.572269	-0.572269	0.155948	0.155948	-0.801531	-0.801531	1.256175	1.256175	-1.124058	-1.124058	-1.426744	-1.426744	5.486492	5.486493	6.52835	6.52835	6.147306	6.147306	6.375932	6.375933	5.584485	5.584486	3.004532	3.663128	5.588109	5.588109	6.347707	6.347707	3.663127	3.004533	2.986892	2.986892	3.950492	3.950492	3.180171	3.180171	3.926971	4.997188	4.997188	3.703519	3.703519	4.215106	4.215106	4.897223	4.897223	4.140534	4.140534	6.538229	6.538229	5.698521	5.69852	5.218687	5.218687	4.915263	4.915262	3.899144	3.899144	2.643109	2.431418	2.431417	2.106717	2.106687	1.765234	1.76219	1.41223	1.405028	1.253586	1.258258	1.011578	1.013197	0.848938	0.849332	0.724101	0.724129	0.763481	0.767356	3.032787	1.422053	1.594002	1.266591	1.009108	0.840418	1.0771	1.044535	0.724004	1.130847	1.052473	2.053725	0.759707	0.746443	0.745485	2.491091	2.491091	1.773804	1.588266	1.332974	1.332956	1.144501	1.142395	0.913463	0.912052	0.790604	0.790629	1.562369	1.266153	1.734543	1.734055	1.562648	2.053723	1.267357	1.075924	1.046199	1.132098	1.051808	1.727298	2.641129	0.744412	0.895312	0.787664	1.157235	1.347287	1.604679	1.672216	0.763062	1.014995	1.292898	1.292756	1.168253	1.512453	2.368566	0.761542	1.672135	1.168266	1.512454	2.369506	1.015053	1.294547	2.181986	1.708568	2.176473	1.294562	1.293143	1.73101	1.340565	1.428731	1.182155	1.426562	1.636333	2.041594	2.218598	2.218596	2.041593	1.636392	1.426074	1.179699	1.428738	1.341038	6.512969	6.69572	6.695719	2.64311	3.926971	2.336325	3.623946	2.336325	2.641129	3.623945	2.641129	3.032787]+5;
